((("c" .
   [1])
  ("c-basic-offset" .
   [0 0 0 0 1 0 0 0 0 0 0 0 0 0])
  ("setq-default" .
   [0 0 0 0 0 1 0 0 0 0 0 0])
  ("~/.emacs.d/lib/python-mode/" .
   [0 0 0 0 0 0 0 0 0 0 0 0 0 0 0 0 0 0 1 0 0 0 0 0 0 0 0])
  ("~/.emacs.d/config/" .
   [0 0 0 0 0 0 0 0 0 0 0 0 0 0 1 0 0 0])
  ("~/.emacs.d/" .
   [0 0 0 0 0 1 0 0 0 0 0])
  ("yas/minor-mode" .
   [0 0 0 1 0 0 0 0 0 0 0 0 0 0])
  ("diminish" .
   [0 0 0 1 0 0 0 2])
  ("modeline" .
   [1 0 0 0 0 0 0 0])
  ("php+-mode" .
   [0 0 1 0 0 0 0 0 1])
  ("b" .
   [2])
  ("paragraph." .
   [0 0 0 1 0 0 0 0 0 0])
  ("Alejandro" .
   [1 0 0 0 0 0 0 0 0])
  ("br" .
   [2 1])
  ("1.jpg" .
   [0 0 0 1 0])
  ("img" .
   [0 0 1])
  ("link" .
   [1 0 0 0])
  ("href" .
   [0 0 1 0])
  ("an" .
   [0 1])
  ("h6" .
   [1 0])
  ("h5" .
   [1 0])
  ("h4" .
   [1 0])
  ("i" .
   [1])
  ("h3" .
   [1 0])
  ("Heading" .
   [0 0 1 2 0 0 1])
  ("is" .
   [4 0])
  ("This" .
   [3 0 0 2])
  ("h2" .
   [3 0])
  ("date" .
   [0 0 1 0])
  ("speedbar-extension" .
   [0 0 0 0 0 1 0 0 0 0 0 0 0 0 0 0 0 0])
  ("require" .
   [0 0 0 1 3 0 0])
  ("d" .
   [1])
  ("if" .
   [4 0])
  ("incz" .
   [2 0 0 1])
  ("double" .
   [0 0 0 0 0 1])
  ("float" .
   [0 0 1 0 0])
  ("complex" .
   [0 0 0 1 0 0 0])
  ("re" .
   [1 0])
  ("import" .
   [0 0 1 0 0 0])
  ("enum" .
   [1 1 0 0])
  ("abc" .
   [1 0 0])
  ("struct" .
   [1 0 1 5 0 0])
  ("t" .
   [4])
  ("a" .
   [13])
  ("word_manage.h" .
   [0 0 0 0 0 0 0 1 0 0 0 0 0])
  ("stdlib" .
   [0 0 0 1 0 0])
  ("inc" .
   [4 0 0])
  ("4" .
   [2])
  ("func" .
   [0 0 0 1])
  ("2" .
   [1])
  ("1" .
   [2])
  ("main" .
   [12 0 0 0])
  ("n" .
   [3])
  ("hoge" .
   [2 0 1 0])
  ("printf" .
   [1 0 0 0 0 3])
  ("0" .
   [3])
  ("for" .
   [3 0 3])
  ("3" .
   [6])
  ("int" .
   [10 0 0])
  ("void" .
   [1 0 0 0])
  ("h" .
   [6])
  ("stdio" .
   [1 0 0 0 1])
  ("inc," .
   [0 0 0 4])
  ("hello" .
   [1 0 0 0 0])
  ("main.c" .
   [0 0 0 0 1 0])
  ("print_hello" .
   [0 0 0 0 0 1 0 0 0 0 0])
  ("test" .
   [2 0 1 1])
  ("static" .
   [0 0 2 1 0 0])
  ("incy" .
   [3 0 0 0])
  ("mail" .
   [0 0 0 1])
  ("nil" .
   [1 0 0])
  ("生成m个小于等于n的随机数" .
   [0 1 0 0 0 0 0 0 0 0 0 0 0])
  ("unsigned" .
   [0 0 2 0 0 0 0 0])
  ("head" .
   [1 0 0 0])
  ("html" .
   [0 0 1 1])
  ("body" .
   [0 1 1 0])
  ("h1" .
   [2 0])
  ("first" .
   [2 0 0 0 0])
  ("pre" .
   [0 1 0])
  ("p" .
   [3])
  ("My" .
   [2 0])
  ("align" .
   [1 0 5 0 0])
  ("align = \"...\"" .
   [0 0 1 1 0 0 0 0 0 0 0 0 0])
  ("auto" .
   [1 0 0 0])
  ("inline" .
   [0 0 0 1 0 0])
  ("_Imaginary" .
   [0 0 1 0 0 0 0 0 0 0])
  ("restrict" .
   [0 0 0 1 0 0 0 0])
  ("big" .
   [0 1 2])
  ("s" .
   [2])
  ("o" .
   [1])
  ("er/mark-out" .
   [0 0 0 0 0 0 0 0 0 0 1])
  ("rainbow-mode" .
   [0 0 1 0 0 0 0 0 0 0 0 0])
  ("f" .
   [1])
  ("from" .
   [2 0 0 0])
  ("timer" .
   [1 0 0 0 0])
  ("Timer" .
   [0 0 0 1 2])
  ("Redis" .
   [0 0 1 0 0])
  ("with" .
   [0 0 0 2])
  ("as" .
   [2 0])
  ("rdb" .
   [0 0 2])
  ("print" .
   [1 0 0 0 1])
  ("else" .
   [0 0 1 0])
  ("lpush" .
   [0 0 0 1 0])
  ("secs" .
   [0 0 1 1])
  ("foo" .
   [1 0 0])
  ("elasped" .
   [0 0 1 0 0 0 0])
  ("lpop" .
   [0 0 0 1])))
